Андрей Говорухи               9  4  1  7  7  1  2  3  5  3  3  7  
Василий Петров                2  7  1  7  3  1  7  5  7  3  8  10 
Илья Муромцев                 10 6  8  2  6  7  1  6  2  8  4  2  
Кощей Бессмертный             3  7  9  7  7  6  1  4  2  8  10 8  
Максим Мухин                  6  9  7  1  9  3  3  1  1  6  9  2  
Маргарита Мартынова           8  7  3  6  3  8  10 4  2  5  1  3  
Петр Николаев                 2  8  3  7  2  3  2  6  1  3  1  5  
Полина Гусева                 2  4  1  3  6  10 5  3  4  1  8  7  
Спиридов Тереньтьев           8  1  5  4  9  6  6  2  7  2  4  7  
Станислав Трердолобов         10 3  6  3  1  5  2  9  8  3  7  6  
